1
,2
3,4,5
5,6,7,8,9,10,11
5,12,13,14,15,16,10,11
13,14,15,10,11
7,13,14,15,16,11,17
9,11,18
19,11
20,6,7,12,19,11
5,6,7,15,21,16,9,10,11
5,6,21,16,9,10,11
5,6,7,13,15,21,9,11,22,23,24
20,7,13,25,14,15,16,9,10,11
26
26,27
28
29
19
13
30
26
31,19
28
21
32
6
7
13
12
12
12
12
33
6
34
34
30
12
12
30
12
27
30
30,36,35
35,16,9
6
6
6
35,29,37
21
34
26,30
38,26,30,39
7,35
26,6,30,7,35,16,9
7
7
7
7
30
7
28
40,38,26,6,30,15,21,16,9,10
26,6,13,35
26,30,15,21,16,9,10,29
30
38,30,7,41
6,30
6,21
6,30,16,9,10,28
6,32
38,6,30,7,36,15
38,6,30,15
6,30,15,16,9,10
42,6,30,21
42,6,30,7,35
43,6,7,35
6,30,7,15,21
30,7,19
30,13
30,19
13
12
27
27
27
27
13
6,30
30,44
7
7,32
43,30,21
7,35,28
30,21
38,6,30,35,16,9,10
7,21
,45
6,7,12,19,11
6,7,12,19,16,9,10,11
9
6,7,12,27,35,21,16,29,17
6,7,12,27,13,14,15,21,11,17
6,30,7,13,21,17
6,7,13,14,15,10,11,46,47,48
7,13,49,50,51
7,15
30,13,17
4,52
53,31,20,54,55,5,6
5,6
6,7,44
13
6,7
44
38,6
56
6
30,7
53,31,6,13
57,40,38,40,58
54
6
31,6,30,7,13
14
14
31,70,83
70
32
27
27
70,83
40,42,43,38,40,58,5,30,7,44
44
44
42,6,44,12,27,66,19,21,61
6
6
79,57,40,77,78,42,43,38,40,58,5,6,44,36,32,60,15,21,59,61,16
26,5,6,30,7
3,63,26,5,6,30,7,44,12,27
42,26,5,6
63,82
26,5,6,81
3,63
63
62,3,84,63,26,5,6,30,7
34,84
,80
34,65,3,63,79,57,40,77,42,43,38,40,58,56,20,54,55,26,5,85,6,30,7,44,12,27,60,15,21,59,61,16,9,10,29,37,28,11,73
30,7
63,31,26,5
84,63
26,5,6
65,5,6,44,12
12
12
5,6,30,44,12,15
26,5,6,7,44,12,13,15,21,16,9,10,29,37,86
42,43,38,26,5,6,30,7,13,14,15,21,16,9,10,29,37
57,40,77,78,42,43,38,40,58,26,5,6,30,7,27,13,14,15,21,59,61,16,9,10,29,37
57,40,40,58,26,5,6
26,5,6,30,7,13,14,15,21,16,9,10,29,37
79,57,40,77,42,43,38,40,58,26,5,6,30,7,13,14,15,21,16,9,10,29,37
26,5,6,7,13,14,15,21,61,16,9,10,29,37,11,73
5,6
66,13,14
31,26,5,6,19,21
26,5,6,15,21,59,16,9,10,29,37,11,73,70
26,5,6,15,21,11,73
19
65,36,3276
26,5,6,75
34,65,63,75
42,43,38,40,58,26,6,30,7,36,32,15,21,59,61,16,9,10,29,37
26,6
26,6,30,7,12,15,21,59,16,9,10,29,37
42,26,5,6,30,7,12,13,14,15,21,16,9,10,29,37
31,26,5,6,30,7,44,12,15,21
65,6
31,26,5,6,30,7,44,12,19,11,73
65,26,5,6,30,7,74
13,14
13,14,70
66,13,14,15,21,59,61,16,9,10,29,37,11,73
65,63,4
65,3,63,4,72
71,44,70
63
26,5,6
21
15,21,37
16,9,10,29,37
61,16,9,10,29,37
16,9,10,29,37
29,37
35,9,10,29,37
15,16,9,10,29,37
35,16,9,10,29,37
30,7,15,21,16,9,10,29,37
63,4
15,21,59,61,16,9,10,29,37
34
63,4
5
63,4
3,63
4
65,63
,69
63,68
63,12
,67
3,35
3,63,27,17
3,12,35,17
3,63,13,35,52,17
27,17
13
66,13,14,17
66,13,14
13
65
65
52
65,63
65
63,52
63
52
3
64,63
34,65,63
34,65
34,65,3,63
34,65,3,63
3,63,6
63
63
34,62,3
57,40,38,26,5,60,15,16,9
4,52
30
30,33
30,7
7
30,7,15
42,6,30,7,15,21
35
30,7,16,9,10,29,37,28
42,38,6,30,7
6,7,16,9,10
21
30
31,6,30,32,35
6,7,35,21
13
38,6,19,21
7
6,30,7,35,16,9,10
38,54,7
30,52
38,6,30
38,6
42,6,15,21,59,61,16,9,10,28
17
17
16,9,10,29
29,37
17
17
52
52
6
30
30,7,35,9,37
21
35
35
35
35
30
30
30
30,21
38,6,21
30,19,21
19,21
35
35
35
35
35
35
35
35
59
34,36,32,60
30
21
21
19,21,59
52
